[[ -6.95266444  -7.30535292  -7.89098713  -8.13964844  -7.14152387]
 [ -7.60726929  -8.28675079  -8.82106018  -8.5340271   -9.63070679]
 [ -8.55287889 -10.45350682  -0.1838285   -9.40753131 -10.2871933 ]
 [  4.78653794  -1.19880314  -2.3489814   -4.37435815  -3.9906777 ]
 [ -4.61399185  -2.44151014  -6.52681845  -6.36422835  -5.1711382 ]
 [ -3.47888184  -1.13720283   0.30177991  -0.32238808   0.        ]
 [ -5.55859375  -5.46484375   3.93927266  -1.25        -2.        ]
 [ -6.88027574  -6.65544295  -5.20819092   0.19462174  -4.54037373]
 [ -7.04149408   0.13286329   2.82328082  -6.02395737  -5.87127876]
 [ -5.8125      -8.76812935  -7.21400995  -6.55438614  -4.3046875 ]
 [ -5.          -8.83984375  -8.74707031  -8.89842862  -7.98046875]]